sector  pad  layer noise_in_MeV
2  62  0 0.019631874875883706
2  61  0 0.01654104987457172
2  60  0 0.016662210884366688
2  59  0 0.014993870358496083
2  58  0 0.018192153006962506
2  57  0 0.016572038594096422
2  56  0 0.012690304685463918
2  55  0 0.009945800535395668
2  54  0 0.012774645061795204
2  53  0 0.012006080560441255
2  52  0 0.012125483275435552
2  51  0 0.011526909799745046
2  50  0 0.012781534350784798
2  49  0 0.011973438193543575
2  48  0 0.012514087137852915
2  47  0 0.010672603082559705
2  46  0 0.013086471504686628
2  45  0 0.010836597592601038
2  44  0 0.01203981736502019
2  43  0 0.011552218126085452
2  42  0 0.012530016438486604
2  41  0 0.01007581951391365
2  40  0 0.011246668348700688
2  39  0 0.010648443697769149
2  38  0 0.009990588544369619
2  37  0 0.011763307248819407
2  36  0 0.010476018529334535
2  35  0 0.010801619189895658
2  34  0 0.010068688227747525
2  33  0 0.011109199781424025
2  32  0 0.011661219322798315
2  31  0 0.011558891579755435
2  30  0 0.014476932777177504
2  29  0 0.009453421307185713
2  28  0 0.011510624043810787
2  27  0 0.01055969722870116
2  26  0 0.00926148811410589
2  25  0 0.007436506740143923
2  24  0 0.009821180710100073
2  23  0 0.012135902234954943
2  22  0 0.01486020398109216
2  21  0 0.0105323559080624
2  20  0 0.01284199985251956
2  19  0 0.009728466359398839
2  18  0 0.008572981620128222
2  17  0 0.008609077897178356
2  16  0 0.01073256496854871
2  15  0 0.008959039606843815
2  14  0 0.008966049349382988
2  13  0 0.00875458360491709
2  12  0 0.011556728866249841
2  11  0 0.00839873493240538
2  10  0 0.008555845058805297
2  9  0 0.008922407011726766
2  8  0 0.009951842834267392
2  7  0 0.009656949653269064
2  6  0 0.0062044064578370695
2  5  0 0.006610957899141956
2  4  0 0.008226106464540937
2  3  0 0.007334651545641703
2  2  0 0.006099962874615578
2  1  0 0.005637801681228488
2  0  0 0.0058365674792745705
3  0  0 0.008733744050762255
3  1  0 0.0076638123988990205
3  2  0 0.007876307176403878
3  3  0 0.0115662801241813
3  4  0 0.006091395956550833
3  5  0 0.006905418319423693
3  6  0 0.008210264915135676
3  7  0 0.0076495421960251705
3  8  0 0.007515158002671934
3  9  0 0.006730421658469075
3  10  0 0.007462021091107594
3  11  0 0.009069591438618022
3  12  0 0.009119599283086699
3  13  0 0.008819541860539607
3  14  0 0.008895434682278354
3  15  0 0.0071220232336588075
3  16  0 0.00989009540154343
3  17  0 0.00907590135148452
3  18  0 0.010941130562167015
3  19  0 0.00615862320822269
3  20  0 0.009830269775225896
3  21  0 0.009550579903331658
3  22  0 0.007738268498661779
3  23  0 0.006979752330520811
3  24  0 0.010165296334820722
3  25  0 0.009613988613970201
3  26  0 0.010613799948816893
3  27  0 0.007500633811770463
3  28  0 0.009518977470246649
3  29  0 0.009999396369533533
3  30  0 0.010511024183974213
3  31  0 0.00715713462580355
3  32  0 0.01015696705362302
3  33  0 0.009727551784483925
3  34  0 0.008740561394645314
3  35  0 0.0113751219761128
3  36  0 0.011355151758661962
3  37  0 0.01083589776292836
3  38  0 0.01226204380826153
3  39  0 0.011570217483648134
3  40  0 0.010524666502281926
3  41  0 0.011034427014184776
3  42  0 0.013599982972825735
3  43  0 0.011745170541507881
3  44  0 0.0095969823168932
3  45  0 0.012194521145621928
3  46  0 0.009849702584532457
3  47  0 0.009545999398215474
3  48  0 0.011870791057830761
3  49  0 0.010557329580649677
3  50  0 0.011262128916064514
3  51  0 0.012610930701638419
3  52  0 0.011436375603787354
3  53  0 0.013081932422510573
3  54  0 0.01264093290114167
3  55  0 0.013000934223401137
3  56  0 0.013613584958270695
3  57  0 0.0156350015448579
3  58  0 0.011988498702511959
3  59  0 0.014040269583593501
3  60  0 0.011917873679672295
3  61  0 0.016646772118550292
3  62  0 0.016054488389294904
3  63  0 0.013420070062924427
-1  63  0 0.03343995470905788
-1  63  0 0.033988906772708015
0  62  0 0.017449143189434982
0  63  0 0.015879486277953426
0  60  0 0.01687740305832798
0  61  0 0.013893064445232185
0  58  0 0.015299976075340452
0  59  0 0.012052674827620232
0  56  0 0.014582555824115245
0  57  0 0.015412696616045793
0  54  0 0.013438071600641852
0  55  0 0.014424252608031925
0  52  0 0.013774666781574654
0  53  0 0.01306539485870344
0  50  0 0.013016587734459765
0  51  0 0.013549968042854138
0  48  0 0.01448350594372928
0  49  0 0.014547496755684347
0  46  0 0.012204322031271515
0  47  0 0.014721295421607388
0  44  0 0.013438192599230122
0  45  0 0.013941057281679142
0  42  0 0.012039594989236348
0  43  0 0.011666954219851202
0  40  0 0.01251260572270468
0  41  0 0.011992470944454691
0  38  0 0.012614539947816352
0  39  0 0.012116459614952035
0  36  0 0.010815005340021002
0  37  0 0.011015267814298527
0  34  0 0.011466291687178236
0  35  0 0.012280973001822331
0  32  0 0.011767840880608603
0  33  0 0.014643530391982624
0  30  0 0.010481372989384674
0  31  0 0.011828476434413359
0  28  0 0.01050315382535003
0  29  0 0.010291706067160764
0  26  0 0.010408285481762177
0  27  0 0.010739891378564383
0  24  0 0.009806044985793034
0  25  0 0.01101133699529592
0  22  0 0.0097772702134104
0  23  0 0.010771833915789385
0  20  0 0.00930636114911484
0  21  0 0.010840669031584605
0  18  0 0.0102698173135356
0  19  0 0.011541018671167875
0  16  0 0.009473037249490734
0  17  0 0.010344642404488702
0  14  0 0.007858280566906899
0  15  0 0.010175050347143324
0  12  0 0.008813082607073176
0  13  0 0.009636976165586104
0  10  0 0.00938305027237367
0  11  0 0.008837609892976704
0  8  0 0.009879329797419817
0  9  0 0.00866903487781919
0  6  0 0.007222842309619159
0  7  0 0.007925902971626025
0  4  0 0.008216771041929088
0  5  0 0.006543818943737212
0  2  0 0.007350866991585484
0  3  0 0.006863604586558615
0  0  0 0.00651214620066172
0  1  0 0.010371346029864979
1  1  0 0.005782228212369162
1  0  0 0.012419993839276394
1  3  0 0.006558093506920549
1  2  0 0.005672398556853753
1  5  0 0.008228071874042243
1  4  0 0.00931940065463596
1  7  0 0.006943871343751598
1  6  0 0.00992217528851728
1  9  0 0.008472528265126103
1  8  0 0.008925419985582342
1  11  0 0.008228131283259006
1  10  0 0.008072089432683425
1  13  0 0.007064361410924243
1  12  0 0.00904630793099568
1  15  0 0.008406449409965404
1  14  0 0.008386768608056766
1  17  0 0.010152215406359468
1  16  0 0.008185737629232148
1  19  0 0.009802754042207656
1  18  0 0.009004833757231913
1  21  0 0.00872557174070609
1  20  0 0.009509279051870004
1  23  0 0.010179878299822899
1  22  0 0.010582023103352402
1  25  0 0.009433116435981737
1  24  0 0.00890811010195731
1  27  0 0.010960760675477866
1  26  0 0.011491538969185821
1  29  0 0.011333719747455569
1  28  0 0.00733935304934615
1  31  0 0.011290444765873637
1  30  0 0.01126989462726101
1  33  0 0.012411558820573635
1  32  0 0.009725833822546012
1  35  0 0.01350140836617386
1  34  0 0.011022777357312656
1  37  0 0.012295232303922467
1  36  0 0.011744896932087568
1  39  0 0.013175451250312177
1  38  0 0.010976337881120471
1  41  0 0.01410030232461167
1  40  0 0.010573130252153489
1  43  0 0.013712724225001142
1  42  0 0.01132393194273444
1  45  0 0.013077363908245482
1  44  0 0.011537244823306805
1  47  0 0.013251304284226858
1  46  0 0.013006513239389856
1  49  0 0.01357973587572246
1  48  0 0.012972464672682591
1  51  0 0.016275304272417173
1  50  0 0.015528450842076776
1  53  0 0.014706809383413927
1  52  0 0.015104250503084239
1  55  0 0.014645192759974572
1  54  0 0.015853232854531694
1  57  0 0.01564872234873638
1  56  0 0.01706420307706414
1  59  0 0.015244057286323345
1  58  0 0.01838163025572373
1  61  0 0.016289121003104368
1  60  0 0.01960535111327378
1  63  0 0.01599777275371904
2  62  1 0.02603723709720675
2  61  1 0.010587615200269586
2  60  1 0.011049301119922588
2  59  1 0.008344827881177878
2  58  1 0.0106866247477928
2  57  1 0.010813870569476988
2  56  1 0.010485525094093751
2  55  1 0.00884462781109617
2  54  1 0.00880716457702183
2  53  1 0.00906085937383145
2  52  1 0.008885240823736238
2  51  1 0.010240429917670033
2  50  1 0.009036670556951856
2  49  1 0.008858375866908942
2  48  1 0.010826584141863951
2  47  1 0.00822966938243057
2  46  1 0.008979032715919466
2  45  1 0.009121063802035676
2  44  1 0.00838684600355016
2  43  1 0.009796220118441262
2  42  1 0.010400257061919087
2  41  1 0.009026923630132164
2  40  1 0.010350920160072734
2  39  1 0.008860505333054698
2  38  1 0.009033467364594903
2  37  1 0.008276024377626442
2  36  1 0.009253188264997228
2  35  1 0.007543295624830773
2  34  1 0.009513597938416957
2  33  1 0.008272789027987029
2  32  1 0.008594669799516978
2  31  1 0.00959083210036167
2  30  1 0.006372765092636291
2  29  1 0.00802220258680301
2  28  1 0.009778401713722294
2  27  1 0.007108160174683315
2  26  1 0.008607638450008935
2  25  1 0.008038273052456347
2  24  1 0.007822817624809762
2  23  1 0.007623819640283493
2  22  1 0.007981669694849768
2  21  1 0.007749307712205702
2  20  1 0.007467218580016198
2  19  1 0.007055756885190165
2  18  1 0.008853517937101645
2  17  1 0.007559297415609684
2  16  1 0.00917234485687458
2  15  1 0.008729293264853315
2  14  1 0.00833201184151797
2  13  1 0.007831984085428985
2  12  1 0.007134264802543794
2  11  1 0.007506905571928945
2  10  1 0.008022065782092852
2  9  1 0.007454624371101436
2  8  1 0.007225779523097393
2  7  1 0.008233486833386513
2  6  1 0.008547750689281213
2  5  1 0.006923937098854025
2  4  1 0.008343795032868128
2  3  1 0.008341566369681544
2  2  1 0.007918499166116958
2  1  1 0.00733836979955681
2  0  1 0.0050170396806355835
3  0  1 0.006242945598277345
3  1  1 0.00647125794348528
3  2  1 0.006406644697350928
3  3  1 0.00855628490502481
3  4  1 0.007296867283781377
3  5  1 0.006106410137230922
3  6  1 0.007512439894745422
3  7  1 0.007236899402366829
3  8  1 0.008154559236244753
3  9  1 0.007478922195718213
3  10  1 0.006893144048217552
3  11  1 0.006343516681635617
3  12  1 0.006214777998990784
3  13  1 0.007088255361874772
3  14  1 0.007065083587183037
3  15  1 0.009417746345039764
3  16  1 0.008119289782881104
3  17  1 0.007932733396437542
3  18  1 0.007614566518513219
3  19  1 0.00843621942298847
3  20  1 0.00791192817971992
3  21  1 0.009634461357089433
3  22  1 0.008316728956765744
3  23  1 0.00776961530860311
3  24  1 0.007878199005682584
3  25  1 0.009759890019794878
3  26  1 0.009092026321006443
3  27  1 0.006028677809927307
3  28  1 0.008036869577840191
3  29  1 0.011616357188563079
3  30  1 0.00954136111899859
3  31  1 0.0059746181478677616
3  32  1 0.010102572192771648
3  33  1 0.008851604306275502
3  34  1 0.010123012233569727
3  35  1 0.009319920621542301
3  36  1 0.009210292630340665
3  37  1 0.010454124325322514
3  38  1 0.01144718263085109
3  39  1 0.009333885602752057
3  40  1 0.009923231573490524
3  41  1 0.011896768691677436
3  42  1 0.010356434861496523
3  43  1 0.011688700173340661
3  44  1 0.010707948841339382
3  45  1 0.012867867388551685
3  46  1 0.010984492749938693
3  47  1 0.012569615679170924
3  48  1 0.010969457312749854
3  49  1 0.011314438458903687
3  50  1 0.010912462617366812
3  51  1 0.010897121958513879
3  52  1 0.013024510416797795
3  53  1 0.01427883519656031
3  54  1 0.013856080300162738
3  55  1 0.012133542217445059
3  56  1 0.014321847469495653
3  57  1 0.012623408817313076
3  58  1 0.01288309140912584
3  59  1 0.012382942109409897
3  60  1 0.01370672661930166
3  61  1 0.013794380830843132
3  62  1 0.017204843769492655
3  63  1 0.0175138501822233
-1  63  1 0.02855085740954706
-1  63  1 0.08525753880316918
0  62  1 0.015436939936793983
0  63  1 0.017465427855291864
0  60  1 0.015177661763686151
0  61  1 0.018130622499635523
0  58  1 0.013188169183008622
0  59  1 0.015527117677451104
0  56  1 0.013359216493645314
0  57  1 0.014754427233244997
0  54  1 0.012193557517225274
0  55  1 0.01398224694524888
0  52  1 0.012800787297325015
0  53  1 0.013321181513989486
0  50  1 0.013079552783607996
0  51  1 0.011938754111728567
0  48  1 0.012173086954260792
0  49  1 0.014128558220165345
0  46  1 0.012329801927613437
0  47  1 0.013519376111492763
0  44  1 0.01271724812786198
0  45  1 0.01221144568689604
0  42  1 0.013058370400119744
0  43  1 0.011547152536538829
0  40  1 0.012664191882023144
0  41  1 0.011024414653525055
0  38  1 0.011574618125997974
0  39  1 0.010776305413168395
0  36  1 0.01235876855361351
0  37  1 0.010626244272093034
0  34  1 0.01167261499164281
0  35  1 0.013274910999789924
0  32  1 0.01139396723371598
0  33  1 0.015357380639815276
0  30  1 0.013951435908335776
0  31  1 0.012303928941194454
0  28  1 0.010174066007276618
0  29  1 0.01046894610734649
0  26  1 0.010542952550193387
0  27  1 0.012493817149124835
0  24  1 0.010258139314651821
0  25  1 0.0110452536626412
0  22  1 0.011125703552832641
0  23  1 0.011759033055444694
0  20  1 0.011997112493903695
0  21  1 0.009544658603048197
0  18  1 0.00920667466354376
0  19  1 0.012505374149420349
0  16  1 0.009864088335607719
0  17  1 0.01064300421168401
0  14  1 0.008826044717100905
0  15  1 0.01080607869642357
0  12  1 0.010482269032984272
0  13  1 0.008477389465165516
0  10  1 0.007851983734968865
0  11  1 0.009675836333812365
0  8  1 0.00983900892551539
0  9  1 0.010291208991879242
0  6  1 0.008758233728996461
0  7  1 0.008970891473068393
0  4  1 0.008864959934234438
0  5  1 0.007860244341292146
0  2  1 0.009840775940935026
0  3  1 0.008094839347432279
0  0  1 0.007345810667696523
0  1  1 0.007653945018529753
1  1  1 0.005592796201818867
1  0  1 0.01201976103145698
1  3  1 0.007171299636211027
1  2  1 0.0056791232441602115
1  5  1 0.007603693541768485
1  4  1 0.009596353342249692
1  7  1 0.008542105723611497
1  6  1 0.008353304867859459
1  9  1 0.008258040281146968
1  8  1 0.008006987831886518
1  11  1 0.008709927495305119
1  10  1 0.009538793986788066
1  13  1 0.00892003445832711
1  12  1 0.009655215340170577
1  15  1 0.009521568584159347
1  14  1 0.008806526336720659
1  17  1 0.00870291720772726
1  16  1 0.008285744597550522
1  19  1 0.009187540535437064
1  18  1 0.010075975394977808
1  21  1 0.00932940102444459
1  20  1 0.008848951602991297
1  23  1 0.009900688773442298
1  22  1 0.0097087817422194
1  25  1 0.010345547168707274
1  24  1 0.00824054508436873
1  27  1 0.009123741032060746
1  26  1 0.009834208224770108
1  29  1 0.00912262261267731
1  28  1 0.008049876926078848
1  31  1 0.008282472730319158
1  30  1 0.009453495432446996
1  33  1 0.009189856949852077
1  32  1 0.008807645846181466
1  35  1 0.010067779103219463
1  34  1 0.009321368244292009
1  37  1 0.00892890768813332
1  36  1 0.008831329957237935
1  39  1 0.010211083944744586
1  38  1 0.011469158590665992
1  41  1 0.009819569575744596
1  40  1 0.008985836433835374
1  43  1 0.009952580816648083
1  42  1 0.011825534315586948
1  45  1 0.010925848767492159
1  44  1 0.0109078330587689
1  47  1 0.011765632383853392
1  46  1 0.011488820316220628
1  49  1 0.011649305867202229
1  48  1 0.012668457354778888
1  51  1 0.010587831035589194
1  50  1 0.01273187042572692
1  53  1 0.010411101151613466
1  52  1 0.011669629269721524
1  55  1 0.011970890682725742
1  54  1 0.010469363606979875
1  57  1 0.011951240948022203
1  56  1 0.012587055827041891
1  59  1 0.013765238702386209
1  58  1 0.011033044796077364
1  61  1 0.015496626033207929
1  60  1 0.013564530386463628
1  63  1 0.01398149588193973
-1  63  2 0.05777041212122719
3  63  2 0.03853039907306602
3  62  2 0.03955503008126333
3  61  2 0.039530652115178054
3  60  2 0.044212639348514285
3  59  2 0.03641203218123841
3  58  2 0.04269862814489031
3  57  2 0.04090071464503941
3  56  2 0.048113313221770836
3  55  2 0.03133154084566937
3  54  2 0.033468361069684135
3  53  2 0.03342359339450692
3  52  2 0.03395098772601135
3  51  2 0.02525964038823753
3  50  2 0.04494339402084887
3  49  2 0.03468720275474056
3  48  2 0.03761991691721265
3  47  2 0.03769926760447853
3  46  2 0.03529676741005643
3  45  2 0.02608869959382163
3  44  2 0.033661131353898276
3  43  2 0.024074208565285346
3  42  2 0.032794431699007455
3  41  2 0.027618258431891474
3  40  2 0.028138602539647922
3  39  2 0.02615552837710338
3  38  2 0.02677468206144237
3  37  2 0.029503211507419608
3  36  2 0.02696820424873533
3  35  2 0.01900745531428275
3  34  2 0.03552769224598357
3  33  2 0.027236971098348755
3  32  2 0.03437104336347901
3  31  2 0.023649965371213125
3  30  2 0.03793452267741378
3  29  2 0.020681660374754583
3  28  2 0.02551771979619762
3  27  2 0.037215053345566275
3  26  2 0.03494782096797578
3  25  2 0.029133084952106935
3  24  2 0.029326154185737936
3  23  2 0.02524898465334053
3  22  2 0.030700116646628563
3  21  2 0.04293342120509037
3  20  2 0.04034216389589885
3  19  2 0.02966520585507364
3  18  2 0.04788004208587487
3  17  2 0.0346297116111996
3  16  2 0.03805692208070988
3  15  2 0.03742420243419594
3  14  2 0.0403533020264458
3  13  2 0.031554052067326074
3  12  2 0.03484434596867529
3  11  2 0.0353876616213967
3  10  2 0.04414894047503651
3  9  2 0.042993478331126184
3  8  2 0.038859442731241284
3  7  2 0.027053518070960594
3  6  2 0.05417832651877297
3  5  2 0.04123015237290058
3  4  2 0.041308821364905234
3  3  2 0.032352570872254315
3  2  2 0.04506925172535384
3  1  2 0.03607158994416058
3  0  2 0.05383857050649295
2  0  2 0.04158183918463591
2  1  2 0.029120816702173435
2  2  2 0.04119185061124742
2  3  2 0.04046309799409859
2  4  2 0.04422891850312418
2  5  2 0.04985250580888862
2  6  2 0.041806005951927
2  7  2 0.038117907761752674
2  8  2 0.03636630650906619
2  9  2 0.04220739083944976
2  10  2 0.0338195133960984
2  11  2 0.027344454737557356
2  12  2 0.04021602536012349
2  13  2 0.04164993623817105
2  14  2 0.04677749398875165
2  15  2 0.03259161943210824
2  16  2 0.03327972398763514
2  17  2 0.03706616974165689
2  18  2 0.023374365715609437
2  19  2 0.02807997448241552
2  20  2 0.027761106428255588
2  21  2 0.03779227484465175
2  22  2 0.03182650369497932
2  23  2 0.03165434280238317
2  24  2 0.034249518160750454
2  25  2 0.03235222209793461
2  26  2 0.029342650758105597
2  27  2 0.029546738089563145
2  28  2 0.028791254412055257
2  29  2 0.03698690058605015
2  30  2 0.02858510840620422
2  31  2 0.0458406318116273
2  32  2 0.03174888782023865
2  33  2 0.038589649941583586
2  34  2 0.03230633562721242
2  35  2 0.026150930897434744
2  36  2 0.02701955560538879
2  37  2 0.034092984169491004
2  38  2 0.033322827058104784
2  39  2 0.029053174867068557
2  40  2 0.03199976979451061
2  41  2 0.02677431743374452
2  42  2 0.02888803475623238
2  43  2 0.033548493102016866
2  44  2 0.03849500980345912
2  45  2 0.03594863340786031
2  46  2 0.029725566460062965
2  47  2 0.036346118364353794
2  48  2 0.03134979034870869
2  49  2 0.02517172434722447
2  50  2 0.030835257636434854
2  51  2 0.044344208798696216
2  52  2 0.03290198101649705
2  53  2 0.03953758230620563
2  54  2 0.03356399544109656
2  55  2 0.033579726521775516
2  56  2 0.0388753504638484
2  57  2 0.03821791993030767
2  58  2 0.0388818594079704
2  59  2 0.042931500681563775
2  60  2 0.036242423682527274
2  61  2 0.0408148255716635
2  63  2 0.043361290293226384
1  62  2 0.04976526820039858
1  60  2 0.032655349890107085
1  61  2 0.045948609286969616
1  58  2 0.042897015559010834
1  59  2 0.039503346933740226
1  56  2 0.03980438493904627
1  57  2 0.031864353445591354
1  54  2 0.03438892480523823
1  55  2 0.04418770745837715
1  52  2 0.03401374033300229
1  53  2 0.03191605081124315
1  50  2 0.03146604065359495
1  51  2 0.029927717791233804
1  48  2 0.03055247783828394
1  49  2 0.0289272150101814
1  46  2 0.0317381537211336
1  47  2 0.03790499232277425
1  44  2 0.036156351318224554
1  45  2 0.034712200237569296
1  42  2 0.026643603385421866
1  43  2 0.03580317864221642
1  40  2 0.025505651905320385
1  41  2 0.03364139601750251
1  38  2 0.039371871635590756
1  39  2 0.03339499788257493
1  36  2 0.022500352034333607
1  37  2 0.029626630938023205
1  34  2 0.03330707165437972
1  35  2 0.030671959812820324
1  32  2 0.024559237711152187
1  33  2 0.03203985466228712
1  30  2 0.02311789189587269
1  31  2 0.04769341922014792
1  28  2 0.03303161832060595
1  29  2 0.03591994374282339
1  26  2 0.03213906708252475
1  27  2 0.021971552532732277
1  24  2 0.02361645221846509
1  25  2 0.035009188518978815
1  22  2 0.029548904617516802
1  23  2 0.027081052653327886
1  20  2 0.027989337568856507
1  21  2 0.03450428727315734
1  18  2 0.033366533510764754
1  19  2 0.027635106521583058
1  16  2 0.024102065520260264
1  17  2 0.03630829156229099
1  14  2 0.026493840362244066
1  15  2 0.03056314296411132
1  12  2 0.028796872518199415
1  13  2 0.03942541359116212
1  10  2 0.02951088466513979
1  11  2 0.03280902074564909
1  8  2 0.024570558794554997
1  9  2 0.04569826145004533
1  6  2 0.027907770872615943
1  7  2 0.03658939497035804
1  4  2 0.029826718933343956
1  5  2 0.03444061054043658
1  2  2 0.028620015190629622
1  3  2 0.029086191678594137
1  0  2 0.04486872168274668
1  1  2 0.03781883624959639
0  1  2 0.03743096295263016
0  0  2 0.04028364336106816
0  3  2 0.03565849580111214
0  2  2 0.044256973787033145
0  5  2 0.02644579495898026
0  4  2 0.03587293810209934
0  7  2 0.03703950049772465
0  6  2 0.03166978991566646
0  9  2 0.026509992736016237
0  8  2 0.04058384397372471
0  11  2 0.033684984630998546
0  10  2 0.03713787785140349
0  13  2 0.03238802624330531
0  12  2 0.030732000865787906
0  15  2 0.03362154748561918
0  14  2 0.03350225625051962
0  17  2 0.027664287329326673
0  16  2 0.031489252712620354
0  19  2 0.024842078708966937
0  18  2 0.03450191698674114
0  21  2 0.03636912581218489
0  20  2 0.03294322222209075
0  23  2 0.021939119850199855
0  22  2 0.03207667202577584
0  25  2 0.028174729323178913
0  24  2 0.030642699917993142
0  27  2 0.025009201346986545
0  26  2 0.02737369114514151
0  29  2 0.02406643911520636
0  28  2 0.02419440899468147
0  31  2 0.02926621946777848
0  30  2 0.03327273622966042
0  33  2 0.03390755661895776
0  32  2 0.024785759401108127
0  35  2 0.02821068603311121
0  34  2 0.035908015549749706
0  37  2 0.03554860895068436
0  36  2 0.03751607228499618
0  39  2 0.03280199827784695
0  38  2 0.052151483685626145
0  41  2 0.03738529016187323
0  40  2 0.03773023312900953
0  43  2 0.032054978903972985
0  42  2 0.028780289817649057
0  45  2 0.04435002206693432
0  44  2 0.043817900907823414
0  47  2 0.03212449877651451
0  46  2 0.045318573666227754
0  49  2 0.03805290610385111
0  48  2 0.04337654380755316
0  51  2 0.0354738809610812
0  50  2 0.028667032461807133
0  53  2 0.041628481999586006
0  52  2 0.054833582559184045
0  55  2 0.04098391296419431
0  54  2 0.04388699510576812
0  57  2 0.04327684756045136
0  56  2 0.03738604614134844
0  59  2 0.03648967313625866
0  58  2 0.0490553825383476
0  61  2 0.05009099533232007
0  60  2 0.054095472112664245
0  63  2 0.04234813724254758
0  62  2 0.04974322616499176
-1  63  2 0.06595166802721307
-1  63  3 0.06826841408826828
3  63  3 0.036140344028961824
3  62  3 0.044469494622174616
3  61  3 0.04113044640977837
3  60  3 0.05665508034603764
3  59  3 0.04309834777635886
3  58  3 0.03976145166255064
3  57  3 0.053953353712790336
3  56  3 0.05566659456332701
3  55  3 0.03298969859733068
3  54  3 0.04195826458227701
3  53  3 0.035423453088059505
3  52  3 0.05009587391761715
3  51  3 0.030822008503392822
3  50  3 0.03380775386425554
3  49  3 0.03458902393771078
3  48  3 0.03815959088102153
3  47  3 0.035563252067275765
3  46  3 0.03131944591608974
3  45  3 0.026887342347298632
3  44  3 0.03415835538370723
3  43  3 0.04186410578551235
3  42  3 0.02716558179349747
3  41  3 0.03136396073032134
3  40  3 0.03395125176291996
3  39  3 0.032594537428260136
3  38  3 0.035239728879953976
3  37  3 0.02439464501472102
3  36  3 0.02681005959029505
3  35  3 0.022676106863180723
3  34  3 0.03135580068984177
3  33  3 0.03182615977040876
3  32  3 0.03613999431294126
3  31  3 0.027387303992297756
3  30  3 0.032264569154021094
3  29  3 0.0253810818202343
3  28  3 0.02511344370135086
3  27  3 0.028356147391853968
3  26  3 0.03705223303609378
3  25  3 0.020562241651637017
3  24  3 0.02247434313701496
3  23  3 0.021040305693503018
3  22  3 0.029691777885659267
3  21  3 0.029344655592258215
3  20  3 0.02473416098467506
3  19  3 0.029042507675808096
3  18  3 0.0445698182846862
3  17  3 0.02910835292552408
3  16  3 0.027720016192236505
3  15  3 0.037098810278138904
3  14  3 0.0470713280126279
3  13  3 0.0341278269685284
3  12  3 0.03682327440579127
3  11  3 0.03712565994979384
3  10  3 0.04293433096271925
3  9  3 0.02978060799664922
3  8  3 0.03730590717361808
3  7  3 0.03269520408148421
3  6  3 0.060770206694045495
3  5  3 0.045624095514648154
3  4  3 0.04031922629763983
3  3  3 0.03390717857725278
3  2  3 0.04676549238557643
3  1  3 0.05052076094843476
3  0  3 0.061431918723858704
2  0  3 0.07096836972371919
2  1  3 0.06973663403101998
2  2  3 0.05667852925356961
2  3  3 0.06740734599258469
2  4  3 0.05382573426652066
2  5  3 0.07215700067511582
2  6  3 0.04991331318781079
2  7  3 0.05487470747017087
2  8  3 0.051652917246050714
2  9  3 0.041920105184188164
2  10  3 0.05070687712445009
2  11  3 0.036974466056907886
2  12  3 0.02903546403647103
2  13  3 0.04893762342462144
2  14  3 0.042076899016941685
2  15  3 0.04378977221730291
2  16  3 0.030069937475884455
2  17  3 0.04176530652616726
2  18  3 0.029324289117599704
2  19  3 0.04053787503064408
2  20  3 0.030387264412688235
2  21  3 0.03345596644881108
2  22  3 0.028760831597176507
2  23  3 0.027311402165221477
2  24  3 0.03078267441815801
2  25  3 0.04476896362423651
2  26  3 0.0358553927252916
2  27  3 0.02977884372416093
2  28  3 0.033670544128652995
2  29  3 0.03146966912284173
2  30  3 0.025261064213872943
2  31  3 0.04183314695061591
2  32  3 0.026693673650300967
2  33  3 0.03476311750463489
2  34  3 0.027754292845789487
2  35  3 0.032398743533906794
2  36  3 0.03465409129345797
2  37  3 0.03211905814646913
2  38  3 0.026758245575019074
2  39  3 0.03539577844527916
2  40  3 0.03039304593587417
2  41  3 0.02619415363386629
2  42  3 0.027665137678241955
2  43  3 0.03865068632819185
2  44  3 0.028671176515061143
2  45  3 0.03417708088319239
2  46  3 0.02924309895659723
2  47  3 0.029625062829430615
2  48  3 0.032421564746017255
2  49  3 0.03322437822304635
2  50  3 0.033355062168034584
2  51  3 0.04357445475357136
2  52  3 0.035674212925412535
2  53  3 0.03717449241181767
2  54  3 0.03733652525957142
2  55  3 0.03542123597815998
2  56  3 0.044217371789049144
2  57  3 0.04248422402657329
2  58  3 0.039896374793403404
2  59  3 0.05412256246427352
2  60  3 0.040004015591114286
2  61  3 0.05311711545456605
2  63  3 0.04590111543831376
1  62  3 0.04982719622948132
1  60  3 0.05301590698349403
1  61  3 0.06037913205734862
1  58  3 0.04561353612087219
1  59  3 0.05508255872307249
1  56  3 0.04755432413287537
1  57  3 0.05026718046359792
1  54  3 0.04089873775790641
1  55  3 0.044079197798739686
1  52  3 0.04090130601787768
1  53  3 0.0460180109564951
1  50  3 0.0359986781280668
1  51  3 0.03648907811245118
1  48  3 0.034164798091207746
1  49  3 0.03675748976292341
1  46  3 0.03711078216808378
1  47  3 0.04701555446115781
1  44  3 0.030492613584415254
1  45  3 0.027046739778824814
1  42  3 0.03212333049053423
1  43  3 0.03916858266789065
1  40  3 0.03150679855918758
1  41  3 0.0347702499508854
1  38  3 0.02807354055927852
1  39  3 0.03190604192995218
1  36  3 0.025247210812487184
1  37  3 0.028510678819545252
1  34  3 0.032666797561958935
1  35  3 0.03756257280247492
1  32  3 0.022980543366126035
1  33  3 0.035894143775816685
1  30  3 0.02711637238004211
1  31  3 0.048470172284773655
1  28  3 0.024036826916545656
1  29  3 0.0372414287457904
1  26  3 0.027007769638151727
1  27  3 0.023797938387628545
1  24  3 0.029315244409305892
1  25  3 0.03544200896610589
1  22  3 0.04018038452527741
1  23  3 0.024640816624520636
1  20  3 0.025586862006875943
1  21  3 0.03954131504455257
1  18  3 0.0398872658341019
1  19  3 0.037363639467731885
1  16  3 0.03484575252151946
1  17  3 0.04038801481430395
1  14  3 0.04276694512905797
1  15  3 0.0446398807570143
1  12  3 0.04014902896684817
1  13  3 0.039397179167939535
1  10  3 0.051504260496227826
1  11  3 0.03636455785543386
1  8  3 0.04571751979261094
1  9  3 0.05874903704042787
1  6  3 0.04329230857867042
1  7  3 0.05437786331657535
1  4  3 0.052617162073537185
1  5  3 0.07786772444155063
1  2  3 0.05463910899953072
1  3  3 0.05966090225311011
1  0  3 0.06477863259681771
1  1  3 0.06938100668503383
0  1  3 0.0853127445603312
0  0  3 0.1058609226131143
0  3  3 0.08399260196814992
0  2  3 0.07503525175870972
0  5  3 0.08255161348719123
0  4  3 0.08817684339461128
0  7  3 0.06612057454165715
0  6  3 0.07045994171873055
0  9  3 0.06412422476495208
0  8  3 0.08233740826274842
0  11  3 0.06206717195635682
0  10  3 0.06804337049212406
0  13  3 0.05402112678459584
0  12  3 0.06779010967658397
0  15  3 0.05286142211106333
0  14  3 0.0540543622523571
0  17  3 0.04178093743165989
0  16  3 0.04295387267920336
0  19  3 0.032020175213185495
0  18  3 0.04578877595188771
0  21  3 0.031686588625290814
0  20  3 0.03431519321139214
0  23  3 0.030671720047125053
0  22  3 0.04031308903403311
0  25  3 0.04282359876029109
0  24  3 0.026835480220393414
0  27  3 0.024193443302335145
0  26  3 0.026752730979064065
0  29  3 0.028677209828162815
0  28  3 0.03192772022784273
0  31  3 0.025431852563785683
0  30  3 0.03035121924224478
0  33  3 0.03490076835295575
0  32  3 0.02410306998427038
0  35  3 0.022636890243538037
0  34  3 0.03156299645482505
0  37  3 0.028067639732764146
0  36  3 0.03288085562178232
0  39  3 0.026216337303863385
0  38  3 0.03102271953256983
0  41  3 0.03592990477833713
0  40  3 0.03643159608682806
0  43  3 0.037240576615171474
0  42  3 0.0368018504011887
0  45  3 0.036934348404752605
0  44  3 0.02955399289447226
0  47  3 0.026827239001705583
0  46  3 0.04065042831972314
0  49  3 0.038382578809160815
0  48  3 0.04568172555936997
0  51  3 0.043298589184847844
0  50  3 0.04342031806134184
0  53  3 0.05609081201423279
0  52  3 0.04311852140486601
0  55  3 0.04247478538153163
0  54  3 0.041069026211565114
0  57  3 0.040286385776476016
0  56  3 0.040055607916987555
0  59  3 0.04609460776728328
0  58  3 0.04731833854475754
0  61  3 0.059586982888946316
0  60  3 0.05586852223021314
0  63  3 0.050894813829219655
0  62  3 0.0605197502248328
-1  63  3 0.07478639638726083
-1  63  4 0.08256501830501517
3  63  4 0.05395672839755477
3  62  4 0.05007692843856915
3  61  4 0.05846293372282076
3  60  4 0.04148971579899792
3  59  4 0.0457729155662391
3  58  4 0.04782220339953004
3  57  4 0.04148775960989244
3  56  4 0.041924559362922734
3  55  4 0.049206106814412544
3  54  4 0.05940704941086031
3  53  4 0.04300488930714727
3  52  4 0.04657559738133963
3  51  4 0.04207945312414598
3  50  4 0.04179809337130158
3  49  4 0.03786695395289252
3  48  4 0.03897121803422743
3  47  4 0.03341123838199698
3  46  4 0.04228005354728488
3  45  4 0.036759820949826535
3  44  4 0.023464784783270482
3  43  4 0.029091608677786655
3  42  4 0.030199430315442265
3  41  4 0.024269866314839312
3  40  4 0.03705717103127781
3  39  4 0.0226868821416242
3  38  4 0.028228821901960688
3  37  4 0.028547421612800005
3  36  4 0.029057095245895805
3  35  4 0.02483896094278003
3  34  4 0.03544806309639273
3  33  4 0.027819775290070074
3  32  4 0.04066446544419359
3  31  4 0.028277971736824527
3  30  4 0.031633365951205146
3  29  4 0.029199024001997528
3  28  4 0.021487668189328176
3  27  4 0.03159103476595602
3  26  4 0.040035132797318594
3  25  4 0.025956323087445294
3  24  4 0.030035061409136508
3  23  4 0.02724119151091963
3  22  4 0.033127481247038806
3  21  4 0.034759722635426656
3  20  4 0.04033680610338007
3  19  4 0.03299404020404869
3  18  4 0.04044915391873637
3  17  4 0.0482704835081937
3  16  4 0.04273605103206155
3  15  4 0.03244136542595042
3  14  4 0.05797125329452812
3  13  4 0.04398360946690475
3  12  4 0.05216007375012489
3  11  4 0.05308119604593413
3  10  4 0.05695933394448644
3  9  4 0.04678359770837398
3  8  4 0.03971990622879125
3  7  4 0.046519040639516736
3  6  4 0.059938997454987736
3  5  4 0.04963437683594946
3  4  4 0.04589214505878273
3  3  4 0.04235337095471321
3  2  4 0.06183720586237565
3  1  4 0.05214261744686619
3  0  4 0.05930832488860612
2  0  4 0.05062568850410192
2  1  4 0.05344953384898167
2  2  4 0.032754180606236784
2  3  4 0.04280199654784897
2  4  4 0.04787106144007624
2  5  4 0.05510657075130555
2  6  4 0.04451462843792481
2  7  4 0.046829262351907895
2  8  4 0.04119644150057549
2  9  4 0.04603628678298943
2  10  4 0.03348650264111263
2  11  4 0.03742883295519194
2  12  4 0.0377705988004976
2  13  4 0.03975193824180485
2  14  4 0.039575629112021116
2  15  4 0.04448173738244004
2  16  4 0.0341679264095733
2  17  4 0.030175720276367834
2  18  4 0.02669219334122366
2  19  4 0.036730632180644034
2  20  4 0.02989591753800237
2  21  4 0.04202686945375213
2  22  4 0.03504340273668496
2  23  4 0.022888390628679624
2  24  4 0.026070818508979455
2  25  4 0.03549403820908061
2  26  4 0.0267964176027768
2  27  4 0.02308626219135991
2  28  4 0.03299430398611184
2  29  4 0.04618954649603389
2  30  4 0.03426970660192184
2  31  4 0.02877087770125127
2  32  4 0.03298524902484674
2  33  4 0.036434082782800394
2  34  4 0.0412556594065753
2  35  4 0.03849992352414261
2  36  4 0.03714090899737782
2  37  4 0.02806029784457167
2  38  4 0.02369914931049253
2  39  4 0.036866384234629894
2  40  4 0.037876916978074125
2  41  4 0.0335368966869469
2  42  4 0.03716070432388677
2  43  4 0.038087716196203304
2  44  4 0.03755426949646046
2  45  4 0.04967660530959882
2  46  4 0.033210371842440384
2  47  4 0.06061906496346
2  48  4 0.03929508638326613
2  49  4 0.03689476531714116
2  50  4 0.042045114768845704
2  51  4 0.04803190780537943
2  52  4 0.05017723565320222
2  53  4 0.04146017687663426
2  54  4 0.04976694949905028
2  55  4 0.056146147533950745
2  56  4 0.052355319163946396
2  57  4 0.062499775049207486
2  58  4 0.05700395279718594
2  59  4 0.06621086653679537
2  60  4 0.04542636662847865
2  61  4 0.060980147592593646
2  63  4 0.04941792614547619
1  62  4 0.04823939875161199
1  60  4 0.03203209792803954
1  61  4 0.03378764781961471
1  58  4 0.028536581173424995
1  59  4 0.03314998309672726
1  56  4 0.048231538242277806
1  57  4 0.030586170788617605
1  54  4 0.03879160370778881
1  55  4 0.03698641679426128
1  52  4 0.03446021911780879
1  53  4 0.032797871704307716
1  50  4 0.023215548601832437
1  51  4 0.026772640988971152
1  48  4 0.025595799536167446
1  49  4 0.030091919703272213
1  46  4 0.03134522986647336
1  47  4 0.03661197810557932
1  44  4 0.029831044429538454
1  45  4 0.02570974735219911
1  42  4 0.03313850527463365
1  43  4 0.0265203334240007
1  40  4 0.025764600893982314
1  41  4 0.028429559969223563
1  38  4 0.017924692747343717
1  39  4 0.03419938080571769
1  36  4 0.026898847749810814
1  37  4 0.02225459024723495
1  34  4 0.027259484961132032
1  35  4 0.025089789720244414
1  32  4 0.023348861854496496
1  33  4 0.026694937759709606
1  30  4 0.039211574211980856
1  31  4 0.04420695746317262
1  28  4 0.0343855763125576
1  29  4 0.027031559759754624
1  26  4 0.023602140278613546
1  27  4 0.020381843611240298
1  24  4 0.03035572726732184
1  25  4 0.02557478807438294
1  22  4 0.028018679565010782
1  23  4 0.031579667709283436
1  20  4 0.02925648801528985
1  21  4 0.03462183266818545
1  18  4 0.03320245877283412
1  19  4 0.031188933864417463
1  16  4 0.02035280531272972
1  17  4 0.03558127313132532
1  14  4 0.03134322654544242
1  15  4 0.036501588463678875
1  12  4 0.03300017016678994
1  13  4 0.042179724713556514
1  10  4 0.029281225210652215
1  11  4 0.030287247199953057
1  8  4 0.036885228137268015
1  9  4 0.04743133839205728
1  6  4 0.03569117487954293
1  7  4 0.041419256165061535
1  4  4 0.04198471508700237
1  5  4 0.05000290278868272
1  2  4 0.043164796843810554
1  3  4 0.039910166506591564
1  0  4 0.04136900311573191
1  1  4 0.044136804265447104
0  1  4 0.0532438474616879
0  0  4 0.06398644827284632
0  3  4 0.0371616248367999
0  2  4 0.04874662090941356
0  5  4 0.03717881692884526
0  4  4 0.05219191911223159
0  7  4 0.045341793241173795
0  6  4 0.04793973346598519
0  9  4 0.03738459224984491
0  8  4 0.041979555241690183
0  11  4 0.03507002954680483
0  10  4 0.05625472808626176
0  13  4 0.0440965998546958
0  12  4 0.046422009567795165
0  15  4 0.034835815937960084
0  14  4 0.04043167064310816
0  17  4 0.03506003019041668
0  16  4 0.03562569609755628
0  19  4 0.03229598680770297
0  18  4 0.04517636278516746
0  21  4 0.02684126397469147
0  20  4 0.03640075217434543
0  23  4 0.026736923721635997
0  22  4 0.032103941504888316
0  25  4 0.03210194804029542
0  24  4 0.03300261702753253
0  27  4 0.032557379544433634
0  26  4 0.040340252180318684
0  29  4 0.032487756130252614
0  28  4 0.02873985295916335
0  31  4 0.036571428719496736
0  30  4 0.03863434177480531
0  33  4 0.031935955767321
0  32  4 0.029295694461689954
0  35  4 0.02785073818141464
0  34  4 0.0426289762310458
0  37  4 0.028356590294329093
0  36  4 0.03363353994680293
0  39  4 0.03722652948127092
0  38  4 0.02976000168828015
0  41  4 0.03726405540498579
0  40  4 0.04414990839981676
0  43  4 0.030258096784459794
0  42  4 0.03724457169109694
0  45  4 0.04030101370049497
0  44  4 0.03735650386555009
0  47  4 0.04221003818873809
0  46  4 0.030161614576629022
0  49  4 0.03900634838740175
0  48  4 0.033937411467361865
0  51  4 0.038001836897230024
0  50  4 0.0437404128251481
0  53  4 0.04696580403893154
0  52  4 0.043898214398114095
0  55  4 0.042083156261892914
0  54  4 0.04587699289834225
0  57  4 0.04958396967459403
0  56  4 0.05770331892806306
0  59  4 0.04984321863605174
0  58  4 0.041994684874076364
0  61  4 0.060405338210321964
0  60  4 0.05862213608183508
0  63  4 0.052558613104726315
0  62  4 0.0816996945511551
-1  63  4 0.04687939264666463
-1  63  5 0.07361980515703957
3  63  5 0.04990049550223769
3  62  5 0.0651285847901809
3  61  5 0.049468539044729504
3  60  5 0.05218186251264792
3  59  5 0.047535014306550785
3  58  5 0.04534374251794063
3  57  5 0.057391420321881104
3  56  5 0.04738065575345269
3  55  5 0.06492417021119427
3  54  5 0.05073767655887383
3  53  5 0.05944815160004292
3  52  5 0.044424922187692686
3  51  5 0.04127011760222253
3  50  5 0.046679140167112554
3  49  5 0.04636204679738395
3  48  5 0.04605121570414068
3  47  5 0.032937303300247175
3  46  5 0.0295559060211269
3  45  5 0.0384741939574891
3  44  5 0.041203801219202515
3  43  5 0.03467168436505889
3  42  5 0.02916483013574969
3  41  5 0.030541642712980255
3  40  5 0.03381952493678431
3  39  5 0.020330860283636544
3  38  5 0.02778452315199233
3  37  5 0.02510245247484192
3  36  5 0.028651025818324665
3  35  5 0.025201610654414765
3  34  5 0.026315501365914616
3  33  5 0.01920039867921392
3  32  5 0.0396412460527903
3  31  5 0.030608969216196814
3  30  5 0.02395180838765225
3  29  5 0.026905957634960103
3  28  5 0.03080791602159048
3  27  5 0.025089770896225827
3  26  5 0.039863163132073526
3  25  5 0.02893633438502395
3  24  5 0.03810484151550363
3  23  5 0.030073788317999745
3  22  5 0.05183825758917596
3  21  5 0.04727897813255435
3  20  5 0.03582463930726899
3  19  5 0.0394868359390325
3  18  5 0.048897345369408984
3  17  5 0.040202258841489424
3  16  5 0.04892914423443637
3  15  5 0.039334399192340844
3  14  5 0.059303153650343964
3  13  5 0.0527644604684242
3  12  5 0.050243205145164234
3  11  5 0.05444948626358583
3  10  5 0.07066699648688352
3  9  5 0.04582963611281176
3  8  5 0.03916999099793693
3  7  5 0.05359458240201622
3  6  5 0.07990280434024989
3  5  5 0.06533569458546917
3  4  5 0.06315073663400406
3  3  5 0.06285954546476799
3  2  5 0.08600082731317477
3  1  5 0.08595559455263313
3  0  5 0.10880709143161342
2  0  5 0.08556236483788092
2  1  5 0.07874844554189656
2  2  5 0.062362181966783364
2  3  5 0.06349052606865936
2  4  5 0.04646167136656032
2  5  5 0.061591157923855465
2  6  5 0.054042588286684456
2  7  5 0.05724060070497048
2  8  5 0.044296798635708755
2  9  5 0.04923894880181866
2  10  5 0.05359102940383066
2  11  5 0.04957799295057488
2  12  5 0.03537236091884598
2  13  5 0.04614116561862712
2  14  5 0.043563062324398355
2  15  5 0.059530217420930266
2  16  5 0.04661759080144705
2  17  5 0.05100455453340218
2  18  5 0.04503058650767885
2  19  5 0.033694387215729385
2  20  5 0.0351620777993207
2  21  5 0.048625278517583255
2  22  5 0.038319420575447176
2  23  5 0.03414173453015348
2  24  5 0.038212235338627956
2  25  5 0.03727483676522906
2  26  5 0.03973623016259502
2  27  5 0.03254450950743594
2  28  5 0.030656587829082035
2  29  5 0.04094748849257684
2  30  5 0.02914204735516809
2  31  5 0.033446924173238704
2  32  5 0.03025914185856743
2  33  5 0.03591658368181867
2  34  5 0.034605482821690015
2  35  5 0.036142698267533524
2  36  5 0.03052092001511967
2  37  5 0.03577639259180213
2  38  5 0.03332903306853584
2  39  5 0.03233957463451978
2  40  5 0.032151636029968796
2  41  5 0.04163122971332382
2  42  5 0.04068881803760377
2  43  5 0.028281113240081698
2  44  5 0.03598545700482578
2  45  5 0.03404785194353291
2  46  5 0.04315376443315527
2  47  5 0.040667570358480946
2  48  5 0.0353441900493273
2  49  5 0.03353038447560391
2  50  5 0.04678705194050007
2  51  5 0.042390586985164846
2  52  5 0.042626378569236
2  53  5 0.04535984350576036
2  54  5 0.041947305931856825
2  55  5 0.040641391605359185
2  56  5 0.05126336092102351
2  57  5 0.05380550768612121
2  58  5 0.04965457459220485
2  59  5 0.0689937452714608
2  60  5 0.04797930313638902
2  61  5 0.06191028559597526
2  63  5 0.06939788709673538
1  62  5 0.05475021288065661
1  60  5 0.04618654138566672
1  61  5 0.04621669275186175
1  58  5 0.03479809649081363
1  59  5 0.05369533679515821
1  56  5 0.032984196117504236
1  57  5 0.03644664182747324
1  54  5 0.040580333539230816
1  55  5 0.03681946201622886
1  52  5 0.032127788249118425
1  53  5 0.037114487317463446
1  50  5 0.02862374625726526
1  51  5 0.04431834916326014
1  48  5 0.0324541161945981
1  49  5 0.0477615770128947
1  46  5 0.034155506405626666
1  47  5 0.03235130585285685
1  44  5 0.040394190056611955
1  45  5 0.04787825116610183
1  42  5 0.03342928021165416
1  43  5 0.030752355150850234
1  40  5 0.04061182523545042
1  41  5 0.037956139436862504
1  38  5 0.03486561713064172
1  39  5 0.03610312711851375
1  36  5 0.03312927411801357
1  37  5 0.030986088832443335
1  34  5 0.0319281227028338
1  35  5 0.024310198252913737
1  32  5 0.034290567075228935
1  33  5 0.03539711979084342
1  30  5 0.02959172145180249
1  31  5 0.04233770979589759
1  28  5 0.02345970916557683
1  29  5 0.02981984174399784
1  26  5 0.03489546552892885
1  27  5 0.028877054089452486
1  24  5 0.032182894475952045
1  25  5 0.03153353487583078
1  22  5 0.02320313655121396
1  23  5 0.03133588830768446
1  20  5 0.03422692442462208
1  21  5 0.04380912070364787
1  18  5 0.0388995378747102
1  19  5 0.03401224863630804
1  16  5 0.034956689283758946
1  17  5 0.04518972364629662
1  14  5 0.046927484548733786
1  15  5 0.04356889866133901
1  12  5 0.040222928357629556
1  13  5 0.04255720883330552
1  10  5 0.044504996784477766
1  11  5 0.04226890941962651
1  8  5 0.042910207649654156
1  9  5 0.05528299042981478
1  6  5 0.05375469426767562
1  7  5 0.03413898859528751
1  4  5 0.04826842535662244
1  5  5 0.062488813083911444
1  2  5 0.05868182015035282
1  3  5 0.06665005548534257
1  0  5 0.06296143332527535
1  1  5 0.07957047336086519
0  1  5 0.06468279033330672
0  0  5 0.07469410066212077
0  3  5 0.052920155834754255
0  2  5 0.07322032902843206
0  5  5 0.05608004324942647
0  4  5 0.05731622987347673
0  7  5 0.044434194396271214
0  6  5 0.04668636087393098
0  9  5 0.04114628970991985
0  8  5 0.05542174003666371
0  11  5 0.04200504618552776
0  10  5 0.05747104405067461
0  13  5 0.040745388031715984
0  12  5 0.039126589296126474
0  15  5 0.03662622666082168
0  14  5 0.046690549102289904
0  17  5 0.035421141510325646
0  16  5 0.042742576718080134
0  19  5 0.026119335970710807
0  18  5 0.040715479039847284
0  21  5 0.03137275586646201
0  20  5 0.03840192884030203
0  23  5 0.02483348442345296
0  22  5 0.04441051927207563
0  25  5 0.023920823897669984
0  24  5 0.031579474505642725
0  27  5 0.029578269676691357
0  26  5 0.05146342796369283
0  29  5 0.03355844876138342
0  28  5 0.02968631045639472
0  31  5 0.026883488899266925
0  30  5 0.03763877691771367
0  33  5 0.028223162089428905
0  32  5 0.03015226055629809
0  35  5 0.03747483007589978
0  34  5 0.042977035098908954
0  37  5 0.03537522854168959
0  36  5 0.030080975843182176
0  39  5 0.03593048630961454
0  38  5 0.03487042341353279
0  41  5 0.0359254231099376
0  40  5 0.03115448081940203
0  43  5 0.03425270335797017
0  42  5 0.034308505199120355
0  45  5 0.0433617897994929
0  44  5 0.04251586462072073
0  47  5 0.03652251468658654
0  46  5 0.03690364831473516
0  49  5 0.04113771450625439
0  48  5 0.040297334852068566
0  51  5 0.031180708145253817
0  50  5 0.03605274961478675
0  53  5 0.04612011627779363
0  52  5 0.031393614600985664
0  55  5 0.0414447397603854
0  54  5 0.03947942087418995
0  57  5 0.043460620354795844
0  56  5 0.05620824957308019
0  59  5 0.045687623529896394
0  58  5 0.03958864201686252
0  61  5 0.04033029776044898
0  60  5 0.05741884146827039
0  63  5 0.05131789187570674
0  62  5 0.054529405021886496
-1  63  5 0.06910631568822895
-1  63  6 0.07781169827156326
3  63  6 0.04179183494813906
3  62  6 0.05397711542842186
3  61  6 0.05715052050336607
3  60  6 0.048544077807893736
3  59  6 0.04052043698450603
3  58  6 0.04316517462988453
3  57  6 0.04077910298994779
3  56  6 0.04376707131160844
3  55  6 0.030457025867658492
3  54  6 0.04304290076934576
3  53  6 0.04330065577152677
3  52  6 0.040283394842531926
3  51  6 0.03924242178325766
3  50  6 0.03523266359287542
3  49  6 0.028781523174036757
3  48  6 0.04326985389013375
3  47  6 0.04173925510322428
3  46  6 0.029010660889708686
3  45  6 0.038347975213617824
3  44  6 0.029893808299502594
3  43  6 0.03616989332311114
3  42  6 0.033274389566238516
3  41  6 0.03481531305676969
3  40  6 0.03547301661983447
3  39  6 0.034733340892721044
3  38  6 0.026448901591084713
3  37  6 0.027271993037164908
3  36  6 0.025104544050388044
3  35  6 0.02868684908641482
3  34  6 0.0362169640910934
3  33  6 0.032990258526864005
3  32  6 0.034380118640875194
3  31  6 0.028179576636412993
3  30  6 0.0237933384169088
3  29  6 0.025937887682417483
3  28  6 0.03489695662511482
3  27  6 0.025112743079734733
3  26  6 0.03333159241277494
3  25  6 0.03449836323823584
3  24  6 0.03375195696464382
3  23  6 0.02453575395233622
3  22  6 0.0327390981005257
3  21  6 0.02940842938806301
3  20  6 0.026374008964813584
3  19  6 0.03845090951737259
3  18  6 0.039488075398840757
3  17  6 0.033640617409411225
3  16  6 0.041391981566700445
3  15  6 0.030152830094775047
3  14  6 0.039792830917508806
3  13  6 0.035921223425587616
3  12  6 0.03478318319549904
3  11  6 0.03612510459563526
3  10  6 0.04498094463153333
3  9  6 0.040968827350617694
3  8  6 0.03618853942965191
3  7  6 0.030855893461986597
3  6  6 0.04960408222384391
3  5  6 0.04342861773700202
3  4  6 0.04174589500261229
3  3  6 0.02993362956641245
3  2  6 0.05261565958025682
3  1  6 0.043227258822250904
3  0  6 0.053534816546799945
2  0  6 0.06113017252877578
2  1  6 0.048710111551429826
2  2  6 0.05135547466173361
2  3  6 0.047161469461132255
2  4  6 0.03326350511683218
2  5  6 0.04304776851811211
2  6  6 0.04131401147170272
2  7  6 0.04516359398678025
2  8  6 0.03759087258333251
2  9  6 0.040784940662583785
2  10  6 0.03515617331163212
2  11  6 0.03389321912449044
2  12  6 0.0346720113373841
2  13  6 0.04763457475650176
2  14  6 0.04244364191795892
2  15  6 0.034405515689489956
2  16  6 0.033081916332545515
2  17  6 0.04331608843870501
2  18  6 0.03188265985598328
2  19  6 0.03168946144556532
2  20  6 0.025517548058498523
2  21  6 0.036634504986089445
2  22  6 0.035564660828452374
2  23  6 0.02995850539425613
2  24  6 0.03335456691789285
2  25  6 0.029205339113881023
2  26  6 0.038380590036823294
2  27  6 0.03875778617796116
2  28  6 0.02658278281157751
2  29  6 0.03467045220742542
2  30  6 0.03272366316717019
2  31  6 0.033914376155441385
2  32  6 0.030536219698379594
2  33  6 0.02975378347244296
2  34  6 0.031040113278078544
2  35  6 0.0299926181606341
2  36  6 0.026111039488744596
2  37  6 0.0297180594540292
2  38  6 0.03537938497375469
2  39  6 0.03253684631193196
2  40  6 0.03009265175748898
2  41  6 0.04183531835750996
2  42  6 0.03992123705372809
2  43  6 0.03836962627121269
2  44  6 0.03586267900211
2  45  6 0.02612694805314859
2  46  6 0.03457975979325906
2  47  6 0.037434544877024675
2  48  6 0.03477577052966351
2  49  6 0.03912480718317683
2  50  6 0.04249889131969246
2  51  6 0.051207815083466425
2  52  6 0.04092420178790494
2  53  6 0.04412631932880334
2  54  6 0.041869632813664584
2  55  6 0.038745326735355294
2  56  6 0.0429513336107549
2  57  6 0.04929464025059075
2  58  6 0.04379375328273275
2  59  6 0.056525853272478124
2  60  6 0.04849235004563082
2  61  6 0.04609169328881316
2  63  6 0.0547656590020891
1  62  6 0.04312505339582778
1  60  6 0.034739016299005644
1  61  6 0.051746402549468766
1  58  6 0.04344176419618313
1  59  6 0.04602551996151885
1  56  6 0.03507357447936196
1  57  6 0.040674499800793434
1  54  6 0.040921954956482445
1  55  6 0.03854052218610404
1  52  6 0.035357017279903084
1  53  6 0.030052279898963932
1  50  6 0.028466350275624122
1  51  6 0.03275702500124275
1  48  6 0.03787455549977296
1  49  6 0.035833415409159824
1  46  6 0.027112227388832122
1  47  6 0.04354547332696224
1  44  6 0.026024469326432913
1  45  6 0.03680933794842729
1  42  6 0.02690647578154072
1  43  6 0.03123133202876831
1  40  6 0.03232235366521302
1  41  6 0.031738908447677634
1  38  6 0.02998636453628005
1  39  6 0.03613336436304647
1  36  6 0.02810132974636025
1  37  6 0.021727769541038007
1  34  6 0.025760487097051952
1  35  6 0.026799723902595232
1  32  6 0.033693043141906916
1  33  6 0.028738068384224037
1  30  6 0.028589724532062002
1  31  6 0.04650071400861347
1  28  6 0.026514781810558847
1  29  6 0.032198200706990775
1  26  6 0.028054484441702932
1  27  6 0.032464886310029084
1  24  6 0.02577244656176996
1  25  6 0.0343906785837906
1  22  6 0.029536776993234697
1  23  6 0.032828760869204325
1  20  6 0.024506382062132907
1  21  6 0.035461321478314434
1  18  6 0.02737919890327185
1  19  6 0.035143994689980404
1  16  6 0.03014438753539756
1  17  6 0.03336430546682835
1  14  6 0.03209658593533914
1  15  6 0.02900162058426141
1  12  6 0.02955221853339441
1  13  6 0.041294467294256745
1  10  6 0.03044985713626287
1  11  6 0.030874056676655152
1  8  6 0.037604178617828485
1  9  6 0.05117302234305662
1  6  6 0.04656807287520209
1  7  6 0.022242159019439763
1  4  6 0.03853487369256377
1  5  6 0.04754735429231555
1  2  6 0.03556110688189356
1  3  6 0.04863904770432942
1  0  6 0.0483397891218755
1  1  6 0.04739156744578478
0  1  6 0.059837448814511834
0  0  6 0.10308483974738697
0  3  6 0.05468240581032192
0  2  6 0.05962363822487302
0  5  6 0.05693368148304825
0  4  6 0.06620062787903125
0  7  6 0.05415133119338842
0  6  6 0.051582884472684935
0  9  6 0.04669628670511769
0  8  6 0.05030908641831186
0  11  6 0.04393037515879815
0  10  6 0.049152251696432586
0  13  6 0.03433480266291763
0  12  6 0.03939099935463553
0  15  6 0.03170524993472979
0  14  6 0.0404071470711518
0  17  6 0.03953442924986581
0  16  6 0.030767978897761818
0  19  6 0.038380286279229195
0  18  6 0.0359788978228247
0  21  6 0.03911432544841097
0  20  6 0.03405457462228028
0  23  6 0.032390175103906356
0  22  6 0.035445261625693114
0  25  6 0.035032489243425946
0  24  6 0.02928510987446133
0  27  6 0.02621450045561201
0  26  6 0.03592686427224889
0  29  6 0.034364170180361205
0  28  6 0.030053502576989525
0  31  6 0.027488684374152868
0  30  6 0.02114204400574007
0  33  6 0.030077175111234065
0  32  6 0.0379673372362587
0  35  6 0.029651645966601015
0  34  6 0.030631687489635313
0  37  6 0.034624986463980094
0  36  6 0.0388852569527646
0  39  6 0.024411368822026294
0  38  6 0.029748865141016153
0  41  6 0.03508602440997995
0  40  6 0.031128436467017632
0  43  6 0.03361384568371308
0  42  6 0.0330491520700417
0  45  6 0.04133553160984631
0  44  6 0.03122724326327969
0  47  6 0.03660973692299087
0  46  6 0.03223218232306706
0  49  6 0.04313860513135857
0  48  6 0.0476208497938615
0  51  6 0.048361313833884964
0  50  6 0.037767550252187206
0  53  6 0.04391621905770337
0  52  6 0.05174833187030764
0  55  6 0.04506830718542244
0  54  6 0.047062202160312844
0  57  6 0.04214108582111053
0  56  6 0.043145397270504524
0  59  6 0.04409822607177914
0  58  6 0.04193463919342054
0  61  6 0.050264340121747894
0  60  6 0.05534362822697575
0  63  6 0.04782646890562541
0  62  6 0.06238449634528453
-1  63  6 0.055177041832713235
2  63  7 0.06680939601369741
2  61  7 0.09374609937136891
2  60  7 0.0411947097844729
2  59  7 0.0364265676674459
2  58  7 0.040423571867594446
2  57  7 0.08584731109015993
2  56  7 0.04066304939783893
2  55  7 0.08433357060895467
2  54  7 0.0491332746177236
2  53  7 0.034422080023805264
2  52  7 0.03530130872180168
2  51  7 0.03575714679946837
2  50  7 0.0408041222673697
2  49  7 0.030357940107430176
2  48  7 0.07982883424953995
2  47  7 0.03247957471771676
2  46  7 0.035794543080981164
2  45  7 0.04035614791548357
2  44  7 0.07391022649388485
2  43  7 0.07056663444771713
2  42  7 0.08983715588285825
2  41  7 0.028774400052551042
2  40  7 0.03656312406662737
2  39  7 0.0344297787112972
2  38  7 0.03627488585778433
2  37  7 0.025387261143015562
2  36  7 0.033516870580006485
2  35  7 0.03511744909482401
2  34  7 0.037366902372926655
2  33  7 0.029882439228587673
2  32  7 0.07772209492592255
2  31  7 0.0640757668864262
2  30  7 0.09286595715157772
2  29  7 0.08316676385526973
2  28  7 0.06137402036713791
2  27  7 0.03548586569366089
2  26  7 0.03345869342102453
2  25  7 0.07324977580556656
2  24  7 0.03493118827697101
2  23  7 0.03803818515173784
2  22  7 0.04119634157149565
2  21  7 0.029554503500122852
2  20  7 0.03668893205670174
2  19  7 0.0345319839016152
2  18  7 0.03528644132892775
2  17  7 0.034446833442616155
2  16  7 0.034600993151090054
2  15  7 0.029026211289266603
2  14  7 0.0391476259909863
2  13  7 0.03357836477614153
2  12  7 0.036015524700484886
2  11  7 0.05606338112401818
2  10  7 0.022641461023078964
2  9  7 0.0752043451781053
2  8  7 0.03401239223039732
2  7  7 0.023234662095506748
2  6  7 0.029786352077363534
2  5  7 0.07924366891463017
2  4  7 0.04322640550090736
2  3  7 0.03312247091088432
2  2  7 0.03640226054935918
2  1  7 0.035899551597722845
2  0  7 0.04604536174788091
3  0  7 0.03760751425084506
3  1  7 0.036765263427432526
3  2  7 0.03484351342950087
3  3  7 0.0381943601869193
3  4  7 0.02651662512552898
3  5  7 0.04063235692512048
3  6  7 0.03756856753921237
3  7  7 0.04383352790165314
3  8  7 0.029492458401531387
3  9  7 0.029024526039136272
3  10  7 0.028815345819510736
3  11  7 0.030623084578280356
3  12  7 0.07479937376057938
3  13  7 0.03293099627780052
3  14  7 0.03665259341492593
3  15  7 0.02972857472944695
3  16  7 0.03386408556996231
3  17  7 0.0306693975763448
3  18  7 0.02033766365835974
3  19  7 0.038311135236295105
3  20  7 0.03240580492718407
3  21  7 0.02653103459526404
3  22  7 0.025982370615935762
3  23  7 0.03961878008673403
3  24  7 0.03336672060460134
3  25  7 0.026829268080742156
3  26  7 0.031577259255176265
3  27  7 0.04345354002674899
3  28  7 0.028058828900314768
3  29  7 0.03719949078722101
3  30  7 0.03335538410131081
3  31  7 0.037817340676727464
3  32  7 0.06762410868773885
3  33  7 0.037881435969270565
3  34  7 0.03506474841764488
3  35  7 0.038447833428935804
3  36  7 0.03531482326560547
3  37  7 0.06863504491350728
3  38  7 0.03560991405015088
3  39  7 0.07302748550216852
3  40  7 0.03707300172364571
3  41  7 0.028204729720908577
3  42  7 0.03435779412366121
3  43  7 0.08561673168060359
3  44  7 0.07825647960656032
3  45  7 0.03736182570218921
3  46  7 0.07470856086114243
3  47  7 0.054778597563278277
3  48  7 0.04241550497888484
3  49  7 0.04112674655232031
3  50  7 0.037124526212458014
3  51  7 0.04664480405699827
3  52  7 0.044620955794963814
3  53  7 0.04173494286418364
3  54  7 0.0426744849209824
3  55  7 0.044462700347552474
3  56  7 0.04507417418035893
3  57  7 0.05413225183743014
3  58  7 0.04830263923555416
3  59  7 0.053445343884307134
3  60  7 0.04256671259402697
3  61  7 0.11051717868631554
3  62  7 0.054255853893195975
3  63  7 0.03997378906798227
-1  63  7 0.04916671462927525
1  62  7 0.04275337322294541
1  60  7 0.03019599570559565
1  61  7 0.02782997193261579
1  58  7 0.0333447937570435
1  59  7 0.027330289457765226
1  56  7 0.026921408259936913
1  57  7 0.038758516845031926
1  54  7 0.02517630734290806
1  55  7 0.036941989216272286
1  52  7 0.029054093462112567
1  53  7 0.03200437602165623
1  50  7 0.024096306080074244
1  51  7 0.03889434335657076
1  48  7 0.023529155487937003
1  49  7 0.026622860969262124
1  46  7 0.030010746037820807
1  47  7 0.033598599400120215
1  44  7 0.0367215492012932
1  45  7 0.028274208515936976
1  42  7 0.027264288089212642
1  43  7 0.03115000069523706
1  40  7 0.029933761487384348
1  41  7 0.030391949617301742
1  38  7 0.026070208177211576
1  39  7 0.030407305151592737
1  36  7 0.02141223492904948
1  37  7 0.031093985305387786
1  34  7 0.023688198935064415
1  35  7 0.027541408296161377
1  32  7 0.022198307648807064
1  33  7 0.02697494342649094
1  30  7 0.03440846087826925
1  31  7 0.04382750284187686
1  28  7 0.022617990718850057
1  29  7 0.03874642953375231
1  26  7 0.03021041447326247
1  27  7 0.02619306639843713
1  24  7 0.027379326749833458
1  25  7 0.03307400311713602
1  22  7 0.023643180673996667
1  23  7 0.02986377595507536
1  20  7 0.024485324571194046
1  21  7 0.03628622701004073
1  18  7 0.017787478075620235
1  19  7 0.025578563764361965
1  16  7 0.02286943701174429
1  17  7 0.02789180085429397
1  14  7 0.02791412751291718
1  15  7 0.023498816336625143
1  12  7 0.02156903525014138
1  13  7 0.029549294333857903
1  10  7 0.022594092709760493
1  11  7 0.02072991782972977
1  8  7 0.02675894317392417
1  9  7 0.03853847664111825
1  6  7 0.022987795034001134
1  7  7 0.029055657839130094
1  4  7 0.022646944478330627
1  5  7 0.03601099428323798
1  2  7 0.029748932551021373
1  3  7 0.0283428156298635
1  0  7 0.02997545341336728
1  1  7 0.044355783430318395
0  1  7 0.02825126586933509
0  0  7 0.04589594863356722
0  3  7 0.0333177391001236
0  2  7 0.03313320769757676
0  5  7 0.025612749934936833
0  4  7 0.027825585633311042
0  7  7 0.030777407000559927
0  6  7 0.033015909639539806
0  9  7 0.02598913718576943
0  8  7 0.03504211725175675
0  11  7 0.022238607209509886
0  10  7 0.046497482977329134
0  13  7 0.03282144804588016
0  12  7 0.03000480001046442
0  15  7 0.024553150658853266
0  14  7 0.03063824718048744
0  17  7 0.02216206431083171
0  16  7 0.02697679371490988
0  19  7 0.028241637861004282
0  18  7 0.034882755350466754
0  21  7 0.022278941637456792
0  20  7 0.031928360780605056
0  23  7 0.025922887097542414
0  22  7 0.030541295321610235
0  25  7 0.03536167554371163
0  24  7 0.029726417609280142
0  27  7 0.02442155238177938
0  26  7 0.03282522765513797
0  29  7 0.03539297470647702
0  28  7 0.032612100463483076
0  31  7 0.028857686276233474
0  30  7 0.024651039284354668
0  33  7 0.03312151322391373
0  32  7 0.029547913590992528
0  35  7 0.03857327182622297
0  34  7 0.047326900330438806
0  37  7 0.041807034378034805
0  36  7 0.028798976810658627
0  39  7 0.04387275587572137
0  38  7 0.033057169211696213
0  41  7 0.0396117415523966
0  40  7 0.034528808657921364
0  43  7 0.043812895791092016
0  42  7 0.04527418199030958
0  45  7 0.049891753400519566
0  44  7 0.03718356575461012
0  47  7 0.03721763802552101
0  46  7 0.04085448451471281
0  49  7 0.042776380955069575
0  48  7 0.03572194250536648
0  51  7 0.02942357002516934
0  50  7 0.05347420466447014
0  53  7 0.04275038393788664
0  52  7 0.04270148146582884
0  55  7 0.03331077262475726
0  54  7 0.03323510140718098
0  57  7 0.030858273437503504
0  56  7 0.04503012522867647
0  59  7 0.047906691460795056
0  58  7 0.049276267510161446
0  61  7 0.051324997037568425
0  60  7 0.04367752255372619
0  63  7 0.04208257858555129
0  62  7 0.046711739867692094
-1  63  7 0.04011601023208459
